9 6 1 8 0 5 3 7 0 
2 8 3 0 7 4 5 0 9 
5 4 0 3 6 9 0 2 8 
0 2 8 0 3 0 7 4 5 
3 0 5 4 0 1 6 9 2 
6 9 4 0 5 7 8 1 3 
8 1 0 7 4 3 9 5 6 
7 0 6 5 9 2 4 8 1 
0 5 9 6 1 8 2 3 7 


CPU Result
9 6 1 8 2 5 3 7 4 
2 8 3 1 7 4 5 6 9 
5 4 7 3 6 9 1 2 8 
1 2 8 9 3 6 7 4 5 
3 7 5 4 8 1 6 9 2 
6 9 4 2 5 7 8 1 3 
8 1 2 7 4 3 9 5 6 
7 3 6 5 9 2 4 8 1 
4 5 9 6 1 8 2 3 7 


You Result
9 6 1 8 2 5 3 7 4 
2 8 3 1 7 4 5 6 9 
5 4 2 3 6 9 1 2 8 
1 2 8 2 3 6 7 4 5 
3 7 5 4 8 1 6 9 2 
6 9 4 9 5 7 8 1 3 
8 1 7 7 4 3 9 5 6 
7 3 6 5 9 2 4 8 1 
4 5 9 6 1 8 2 3 7 